10
100 1 1 1 99 0 0 100
99 690 831 972 863 735 341 1000
30 10 11 1 2 77 31 100
10 1 1 1 1 9 0 10
30 1 8 1 7 87 20 100
6 2 1 2 1 1 2 11
10 1 1 1 1 999998 0 999999
20 993 697 870 694 380 339 1000
100 670462 754917 817851 801885 787243 210931 1000000
4 10 7 1 2 0 1 20



10
30123 10 6 6 9 66778418 106445782 123456789
50000 783829464 786868124 837609671 717461242 519483675 665188817 1000000000
20 548484 605575 606312 455648 195789 319535 654321
4 10 7 1 2 0 1 20
49999 1 1 1 1 999999 0 1000000
100000 1 1 1 1 999999998 0 999999999
100000 1 1 1 9999 0 0 100000000
30012 11 11 4 9 777755284 19270656 1000000000
49999 84202831 79348670 97525962 77032063 87780295 64754586 100000123
6 2 1 2 1 1 2 11